00 00 00 00 00 00 00 00 00 00 00 00 100 100 00 00 00 00 00 00 00 00 00 00 00 00 00 00 00 00 00 00 00 00 00 00 00 00 00 00 00 00 00 00 00 00
00 00 00 00 00 00 100 00 00 00 00 00 00 00 00 00 00 00 00 00 00 00 00 00 00 00 00 00 00 00 00 00 00 00 00 00 00 00 00 00 00 00 00 00 00 00
00 00 00 00 12 01 01 01 01 01 01 01 01 01 01 01 01 01 01 01 01 01 01 01 01 01 01 01 01 01 01 01 01 01 01 09 00 00 00 00 00 00 00 00 00 00
00 00 00 12 00 00 00 00 00 00 00 00 00 00 00 00 00 00 00 00 00 00 00 00 00 00 00 00 00 00 00 00 00 00 00 00 09 00 00 00 00 00 00 00 00 00
00 00 12 00 00 00 00 14 03 03 15 00 00 00 00 00 00 00 00 00 00 00 00 00 00 00 00 00 00 14 03 03 15 00 00 00 00 09 00 00 00 00 00 00 00 00
00 00 04 00 00 00 00 02 00 00 10 03 03 03 03 03 03 03 03 03 03 03 03 03 03 03 03 03 03 11 00 00 04 00 00 00 00 02 00 00 00 00 00 00 00 00
00 00 04 00 00 00 00 02 00 00 00 00 02 00 00 00 00 00 02 00 00 00 00 00 00 00 00 02 02 00 00 00 04 00 00 00 00 02 00 00 00 00 00 00 00 00
00 00 04 00 00 00 00 13 09 00 00 00 02 00 00 00 00 00 02 00 00 00 00 00 00 00 00 02 00 00 00 12 16 00 00 00 00 02 00 00 00 00 00 00 00 00
00 00 04 00 00 00 00 00 13 05 00 00 02 00 00 00 00 00 00 00 00 00 00 00 00 00 00 02 00 00 06 16 00 00 00 00 00 02 00 00 00 00 00 00 00 00
00 00 04 00 00 00 00 00 00 02 00 00 00 00 00 00 00 00 02 00 00 00 00 00 00 00 00 02 00 00 04 00 00 00 00 00 00 02 00 00 00 00 00 00 00 00
00 00 04 00 00 00 00 00 00 02 00 00 02 00 00 00 00 00 02 00 00 00 00 00 00 00 00 02 00 00 04 00 00 00 00 00 00 02 00 00 00 00 00 00 00 00
00 00 04 00 00 00 00 00 00 02 00 00 02 00 00 00 00 00 02 00 00 00 00 00 00 00 00 02 00 00 04 00 00 00 00 00 00 02 00 00 00 00 00 00 00 00
00 00 04 00 00 00 00 00 00 02 00 00 02 00 00 00 00 00 02 00 00 00 00 00 00 00 00 02 00 00 04 00 00 00 00 00 00 02 00 00 00 00 00 00 00 00
00 00 04 00 00 00 00 00 00 02 00 00 02 00 00 00 00 00 02 00 00 00 00 00 00 00 00 02 00 00 04 00 00 00 00 00 00 02 00 00 00 00 00 00 00 00
00 00 10 15 00 00 00 00 00 02 00 00 02 01 01 01 01 01 01 01 01 01 00 00 01 01 05 01 00 00 04 00 00 00 00 00 00 11 00 00 00 00 00 00 00 00
00 00 00 10 15 00 00 00 00 02 00 00 02 00 00 00 00 00 00 00 00 00 00 00 00 00 02 00 00 00 04 00 00 00 00 00 11 00 00 00 00 00 00 00 00 00
00 00 00 00 04 00 00 00 00 13 09 00 00 00 00 00 00 00 00 00 00 00 00 00 00 00 00 00 00 12 16 00 00 00 00 02 00 00 00 00 00 00 00 00 00 00
00 00 00 00 04 00 00 00 00 00 13 09 02 00 00 00 00 00 00 00 00 00 00 00 00 00 02 00 12 16 00 00 00 00 00 02 00 00 00 00 00 00 00 00 00 00
00 00 00 00 04 00 00 00 00 00 00 13 01 01 01 01 01 01 01 24 17 01 01 01 01 01 01 01 16 00 00 00 00 00 00 02 00 00 00 00 00 00 00 00 00 00
00 00 00 00 04 00 00 00 00 00 00 00 00 00 00 00 00 00 00 00 00 00 00 00 00 00 00 00 00 00 00 00 00 00 00 02 00 00 00 00 00 00 00 00 00 00
00 00 00 00 04 00 00 00 00 00 00 00 00 00 00 00 00 00 00 00 00 00 00 00 00 00 00 00 00 00 00 00 00 00 00 02 00 00 00 00 00 00 00 00 00 00
00 00 00 00 04 00 00 00 00 00 00 00 00 00 00 00 00 00 00 00 00 00 00 00 00 00 00 00 00 00 00 00 00 00 00 02 00 00 00 00 00 00 00 00 00 00
00 00 00 00 10 15 00 00 00 00 00 00 00 00 00 00 00 00 00 00 00 00 00 00 00 00 00 00 00 00 00 00 00 00 00 11 00 00 00 00 00 00 00 00 00 00
00 00 00 00 00 10 15 00 00 00 00 00 00 00 00 00 00 00 00 00 00 00 00 00 00 00 00 00 00 00 00 00 00 00 11 00 00 00 00 00 00 00 00 00 00 00
00 00 00 00 00 00 10 15 00 00 00 00 00 00 00 00 00 00 00 00 00 00 00 00 00 00 00 00 00 00 00 00 00 11 00 00 00 00 00 00 00 00 00 00 00 00
00 00 00 00 00 00 00 10 15 00 00 00 00 00 00 00 00 00 00 00 00 00 00 00 00 00 00 00 00 00 00 00 11 00 00 00 00 00 00 00 00 00 00 00 00 00
00 00 00 00 00 00 00 00 10 15 00 00 00 00 00 00 00 00 00 00 00 00 00 00 00 00 00 00 00 00 00 11 00 00 00 00 00 00 00 00 00 00 00 00 00 00
00 00 00 00 00 00 00 00 00 10 03 03 03 03 03 00 03 15 00 00 00 00 00 03 00 03 03 03 03 03 11 00 00 00 00 00 00 00 00 00 00 00 00 00 00 00
00 00 00 00 00 00 00 00 00 00 00 00 00 11 00 00 00 10 15 00 00 00 11 00 00 00 10 15 00 00 00 00 00 00 00 00 00 00 00 00 00 00 00 00 00 00
00 00 00 00 00 00 00 00 00 00 00 00 02 00 00 00 00 00 04 00 00 02 00 00 00 00 00 04 00 00 00 00 00 00 00 00 00 00 00 00 00 00 00 00 00 00
00 00 00 00 00 00 00 00 00 00 00 00 02 00 00 00 00 00 04 00 00 02 00 00 00 00 00 04 00 00 00 00 00 00 00 00 00 00 00 00 00 00 00 00 00 00
00 00 00 00 00 00 00 00 00 00 00 00 00 09 00 00 00 12 01 00 00 01 09 00 00 00 12 16 00 00 00 00 00 00 00 00 00 00 00 00 00 00 00 00 00 00
00 00 00 00 00 00 00 00 00 00 00 00 00 00 01 01 01 00 00 00 00 00 00 01 01 01 16 00 00 00 00 00 00 00 00 00 00 00 00 00 00 00 00 00 00 00
00 00 00 00 00 00 00 00 00 00 00 00 00 00 00 00 00 00 00 00 00 00 00 00 00 00 00 00 00 00 00 00 00 00 00 00 00 00 00 00 00 00 00 00 00 00
00 00 00 00 00 00 00 00 00 00 00 00 00 00 00 00 00 00 00 00 00 00 00 00 00 00 00 00 00 00 00 00 00 00 00 00 00 00 00 00 00 00 00 00 00 00
00 00 00 00 00 00 00 00 00 00 00 00 00 00 00 00 00 00 00 00 00 00 00 00 00 00 00 00 00 00 00 00 00 00 00 00 00 00 00 00 00 00 00 00 00 00
00 00 00 00 00 00 00 00 00 00 00 00 00 00 00 00 00 00 00 00 00 00 00 00 00 00 00 00 00 00 00 00 00 00 00 00 00 00 00 00 00 00 00 00 00 00
00 00 00 00 00 00 00 00 00 00 00 00 00 00 00 00 00 00 00 00 00 00 00 00 00 00 00 00 00 00 00 00 00 00 00 00 00 00 00 00 00 00 00 00 00 00
00 00 00 00 00 00 00 00 00 00 00 00 00 00 00 00 00 00 00 00 00 00 00 00 00 00 00 00 00 00 00 00 00 00 00 00 00 00 00 00 00 00 00 00 00 00
00 00 00 00 00 00 00 00 00 00 00 00 00 00 00 00 00 00 00 00 00 00 00 00 00 00 00 00 00 00 00 00 00 00 00 00 00 00 00 00 00 00 00 00 00 00
00 00 00 00 00 00 00 00 00 00 00 00 00 00 00 00 00 00 00 00 00 00 00 00 00 00 00 00 00 00 00 00 00 00 00 00 00 00 00 00 00 00 00 00 00 00
00 00 00 00 00 00 00 00 00 00 00 00 00 00 00 00 00 00 00 00 00 00 00 00 00 00 00 00 00 00 00 00 00 00 00 00 00 00 00 00 00 00 00 00 00 00
00 00 00 00 00 00 00 00 00 00 00 00 00 00 00 00 00 00 00 00 00 00 00 00 00 00 00 00 00 00 00 00 00 00 00 00 00 00 00 00 00 00 00 00 00 00